[app/ui]
version = 7.2.6
modtime = 1556419997.961976000

[app/launcher]
version = 7.2.6
modtime = 1556419997.965163000
